# DESCRIPTION: Verilator output: Timestamp data for --skip-identical.  Delete at will.
C "--cc --build --top-module top top.sv verilator_top.cpp --exe"
S  12720696  5898247  1734810102   555331677  1734810102   555331677 "/app/verilator/bin/verilator_bin"
S      5345  5898317  1734810103    11331698  1734810103    11331698 "/app/verilator/share/verilator/include/verilated_std.sv"
S      2787  5898299  1734810103    11331698  1734810103    11331698 "/app/verilator/share/verilator/include/verilated_std_waiver.vlt"
S       289  6818734  1734819206   491405871  1711478243           0 "base.sv"
S      3413  6818845  1734819401   280301104  1734819401   276301085 "clean_core.sv"
S      7544  6818829  1734819206   519406001  1712104411           0 "memory.sv"
S      2319  6818731  1734819206   491405871  1712087170           0 "memory_io.sv"
T      2994  6946824  1737837777   348386024  1737837777   348386024 "obj_dir/Vtop.cpp"
T      3529  6946823  1737837777   348386024  1737837777   348386024 "obj_dir/Vtop.h"
T      1965  6946850  1737837777   360386330  1737837777   360386330 "obj_dir/Vtop.mk"
T       669  6946822  1737837777   344385922  1737837777   344385922 "obj_dir/Vtop__Dpi.cpp"
T       520  6946821  1737837777   344385922  1737837777   344385922 "obj_dir/Vtop__Dpi.h"
T      1740  6946819  1737837777   344385922  1737837777   344385922 "obj_dir/Vtop__Syms.cpp"
T      1298  6946820  1737837777   344385922  1737837777   344385922 "obj_dir/Vtop__Syms.h"
T      1038  6946826  1737837777   348386024  1737837777   348386024 "obj_dir/Vtop___024root.h"
T      2910  6946834  1737837777   352386126  1737837777   352386126 "obj_dir/Vtop___024root__DepSet_h5bd79f41__0.cpp"
T      2333  6946832  1737837777   352386126  1737837777   352386126 "obj_dir/Vtop___024root__DepSet_h5bd79f41__0__Slow.cpp"
T      4300  6946835  1737837777   352386126  1737837777   352386126 "obj_dir/Vtop___024root__DepSet_h90d7eb88__0.cpp"
T      5257  6946833  1737837777   352386126  1737837777   352386126 "obj_dir/Vtop___024root__DepSet_h90d7eb88__0__Slow.cpp"
T       620  6946831  1737837777   352386126  1737837777   352386126 "obj_dir/Vtop___024root__Slow.cpp"
T       627  6946828  1737837777   352386126  1737837777   352386126 "obj_dir/Vtop___024unit.h"
T       521  6946840  1737837777   352386126  1737837777   352386126 "obj_dir/Vtop___024unit__DepSet_h1d85a5cb__0__Slow.cpp"
T       620  6946839  1737837777   352386126  1737837777   352386126 "obj_dir/Vtop___024unit__Slow.cpp"
T       773  6946825  1737837777   348386024  1737837777   348386024 "obj_dir/Vtop__pch.h"
T      1494  6946851  1737837777   360386330  1737837777   360386330 "obj_dir/Vtop__ver.d"
T         0        0  1737837777   360386330  1737837777   360386330 "obj_dir/Vtop__verFiles.dat"
T      2148  6946849  1737837777   360386330  1737837777   360386330 "obj_dir/Vtop_classes.mk"
T       991  6946829  1737837777   352386126  1737837777   352386126 "obj_dir/Vtop_clean_core.h"
T      5232  6946844  1737837777   352386126  1737837777   352386126 "obj_dir/Vtop_clean_core__DepSet_hbe033c2d__0.cpp"
T      4850  6946842  1737837777   352386126  1737837777   352386126 "obj_dir/Vtop_clean_core__DepSet_hbe033c2d__0__Slow.cpp"
T       896  6946843  1737837777   352386126  1737837777   352386126 "obj_dir/Vtop_clean_core__DepSet_hf52c48dc__0__Slow.cpp"
T       629  6946841  1737837777   352386126  1737837777   352386126 "obj_dir/Vtop_clean_core__Slow.cpp"
T      6317  6946830  1737837777   352386126  1737837777   352386126 "obj_dir/Vtop_riscv_multicycle.h"
T     64205  6946848  1737837777   360386330  1737837777   360386330 "obj_dir/Vtop_riscv_multicycle__DepSet_h98bc56ff__0.cpp"
T     60450  6946846  1737837777   356386228  1737837777   356386228 "obj_dir/Vtop_riscv_multicycle__DepSet_h98bc56ff__0__Slow.cpp"
T      7322  6946847  1737837777   356386228  1737837777   356386228 "obj_dir/Vtop_riscv_multicycle__DepSet_hd3ada30a__0__Slow.cpp"
T       683  6946845  1737837777   352386126  1737837777   352386126 "obj_dir/Vtop_riscv_multicycle__Slow.cpp"
T      1789  6946827  1737837777   348386024  1737837777   348386024 "obj_dir/Vtop_top.h"
T     25085  6946838  1737837777   352386126  1737837777   352386126 "obj_dir/Vtop_top__DepSet_h55d42578__0.cpp"
T      6806  6946837  1737837777   352386126  1737837777   352386126 "obj_dir/Vtop_top__DepSet_h8ed5518f__0__Slow.cpp"
T       566  6946836  1737837777   352386126  1737837777   352386126 "obj_dir/Vtop_top__Slow.cpp"
S     12331  6818727  1737836080   259413780  1737836080   255413750 "riscv32_common.sv"
S      4547  6818786  1736789609   891864624  1736789609   887864480 "riscv_debugger.sv"
S      7754  6818830  1737837776   196355717  1737837776   192355610 "riscv_multicycle.sv"
S       440  6818827  1736528073   149329929  1736528073   149329929 "system.sv"
S      2190  6818852  1736185688   736274346  1736185688   732274332 "top.sv"
S       579  6818774  1734819206   507405945  1708364922           0 "vivado.sv"
